1990.6274844783034,1198.2702959272501
1970.2600199234384,1052.7786232582232
1951.7860389687432,1351.6321860558226
1785.984617155205,1118.908765573046
2105.270467157169,1376.0353103914802
2177.0631758679406,1181.7773470868335
1866.8893948372784,1265.964646980579
2075.2345461771492,940.6807644275002
1773.4275635875001,822.1812774305373
2047.4356520743609,804.5499437018852
1714.031470137027,955.550822900638
1942.73363231213,744.2215025663162
1612.2452340769541,1144.6980331464329
1570.772186127793,814.1345893471307
1765.436323423688,1461.5250350659264
1999.275840811711,1537.9156406914071
2326.366056945335,1038.8489356760192
2232.75317183748,1330.970192596025
2046.3579907742735,636.4607442182822
2201.073205227588,953.6024503165822
2202.7409003224293,636.4967318260052
2240.051192966863,801.2304660650601
1561.7313235114527,1368.5973968130531
1836.2323834312876,576.7702946057061
2311.7829913571036,1541.1918704294917
1413.6019996059501,908.6792875444385
1385.0107836804304,1167.710507632697
1361.500142147313,1041.240009052109
1412.2905551413946,711.1744909753957
1124.299655205048,841.4157668110901
1082.6724079202115,976.0317086357159
1067.0,666.0
1306.8603266138448,1328.0501308698335
1418.9827905434838,1383.4360285821078
982.3453976862621,1218.1416946022412
2424.2147299385115,943.6612398389171
2349.4630367365235,700.8146128175766
1385.3449544128528,575.1778266352139
825.5615432822494,1077.5625435738775
1614.525386028213,592.4797901333565
1713.4311444109715,685.7747319187433
722.108760859971,973.8386246904042
961.7574079012882,889.7136892939377
1602.079892240374,439.21050945575786
680.585311752788,1290.2081814594856
802.6561633163788,1326.885309573923
2764.293061077106,1167.8961338179522
2634.7092972471137,933.898777997879
633.9364869145912,869.3928242666866
632.2455816466404,1434.2248527874335
932.1343172636617,675.9045991404604
1399.804762637471,1566.762583916649
1648.4418352020316,1682.1563682201795
768.7575582950944,1511.7674064101864
922.2168472160585,1480.1975616454679
491.7223579278968,1049.3410278211572
342.9684213923113,1577.707715891137
516.0513861083601,1617.057072825916
629.8776057236486,1566.6207984465289
2817.808847487809,1379.0468585302585
1328.3402827492132,1741.5736046115312
1170.7217346947148,1550.9904578359112
2984.058072424384,1446.1949841160317
3098.108415986466,1317.9169728357879
3075.03332360531,1149.8013319681227
608.2451799210598,1754.4162941492903
438.34005134477314,1733.3171910811548
747.9112758372287,1673.5648083617161
2431.234717017861,1486.1420895073477
2395.381647112733,1714.6384526321217
2253.64289444989,1680.4637090375181
764.6211193860619,1878.0906418015365
1105.1199582079337,1396.9212715457838
2814.3732123982027,1055.514919396702
2905.7270263875484,960.8628296171604
3159.482762005762,1043.0387862216332
3041.6665464072203,920.4911575143195
954.2944590836248,1870.9163589334173
1003.0596910474629,1716.701741932352
1621.2785708882125,1804.4809870799902
1751.843704992865,1876.3384995513445
2796.2662724178545,895.6933790235488
2876.175024872121,747.4216277845427
3113.8299465037107,741.8910097448543
3217.361443033351,833.8471483143403
1119.2793798816867,1677.55324564805
3225.244181654657,1420.253860673885
3300.417477387617,1318.500676414294
1910.3979426642886,2062.4554115693268
3413.72694439954,798.941950197089
3399.875895544923,938.2163721375541
3418.7018172311477,1058.9136221022204
3519.7883327531454,908.5610476183823
3377.4135266823023,618.2953156115309
3468.221543036122,1325.0302340410856
3541.659535564254,1054.5702147190802
1273.5189257280572,1852.6087521900115
2521.3296742456682,1786.4218504809587
2753.1203067385127,1625.9258050125325
3225.3008806028606,643.4261405165053
3563.5639839739356,780.0349627769427
3251.4424839074622,514.4106033901766
3650.8808352657716,1196.8801159111667
3459.6668308629028,490.26652600066643
3646.0067552850014,517.7686007227428
2264.746442966031,1831.1779768755555
3647.4879686287168,910.9653385540722
3672.9641918080997,1042.3182267799673
2957.752654623586,1651.0841398598036
1883.8390609656387,1937.1693354750928
3638.0006350656986,675.4331765216289
3770.3658017866596,761.1688130109167
3763.3665135406454,951.6609592833181
3919.472241295731,1048.407025911778
2135.0803158906365,1977.0722026070343
3483.5457411839934,1444.7536049990217
3823.9994627932015,637.1538329748937
3794.708171831029,505.66021771370015
4004.773439215157,674.2947212467752
3993.8482070740183,801.1075595173356
2032.6017955096545,2049.9719087584854
4122.554085172797,602.9093611437405
2242.2577497133334,2134.399846124518
2139.011581341842,1835.0659731695332
2408.5880708640234,2110.8083916654314
3712.608850058573,1470.177813097337
3779.446726179945,1262.107563897058
1749.4536783549743,1748.5296850252485
3533.367862787706,1678.5093623008547
2778.404798256579,1866.2069339067216
2449.3502362174067,2347.1128019085745
2283.1595639779716,2270.587187003038
4153.29042481492,1020.8268451946036
3741.0242574136323,1617.6286031109096
2612.542779999726,2343.429461815476
2624.709999631072,2180.461885722091
2335.135565413009,2402.7844635905954
2702.7136086555333,2060.293441736715
4154.088502094458,894.577280761206
4149.493055698105,1418.294972249416
4013.4997513189273,1637.9088180085664
3855.6441675279516,1575.9719973272267
3457.6188752767785,1573.5139853468113
3876.316368547675,1695.5093824960866
3779.9718330831065,1803.7000655850413
3201.989287189464,1559.077111075204
2877.667562121905,2394.230243353597
2979.8184602860283,2292.815976971232
4232.193463916255,1639.7750759115793
4270.872747107159,1466.5797175269608
4158.652002672058,1763.7469934335413
3664.8688191030014,1712.6678001308414
4169.882282790036,1216.3283219410275
4399.5266008941635,1394.8363551344762
4375.466342507062,1256.7362858366662
3040.9855504990974,2411.485476881053
2961.5960151008785,2507.5974221729525
3162.106162598925,2155.9907852652245
2919.519336970466,2185.213563784202
3024.4453960037035,2126.153474478267
2801.4370795244454,2578.0041610350727
2577.0690080704344,2489.4970570814057
3209.639752600803,2483.8920385784063
3082.2138662572165,2559.7159914323956
3478.313242068417,1834.5166380332212
3712.6869413417044,1941.9663288944948
3492.9155129619503,2036.2278523999807
3892.4886684463304,2075.0450429003267
3616.8424169058417,2032.6565052558965
4255.757500732962,1342.7773444480915
3336.911593720031,2353.1680617038633
3338.8786104733535,2499.8921126467026
3194.5273839632473,2621.0633599360726
2984.077000022552,2640.5869745285972
4319.689808394,1051.0184872399948
2155.8169196187227,2248.883781143819
4095.8863132062097,1959.5963986257418
4305.096663531926,1755.7697775892243
4464.069191401866,981.5397840778957
4470.0836790350995,855.9462629104271
3302.0926762025197,1828.7934708589908
4567.625197196258,1046.0971697688192
3581.477539748938,2180.1160073220353
3912.5981317856317,1171.0580918527392
3864.5125546334366,1956.8741812533967
3490.5459186286657,2527.2875620058235
4650.543883366521,1246.8216857868665
4688.01968712102,1091.9927679978564
4544.651031994656,1187.4417238636534
3620.134789765516,2549.0846072425875
3342.0557608660547,2116.4741049003264
3266.4898420992795,2234.4649316711343
4520.250179609863,1322.5626846510002
4621.405278905907,1387.2968136390982
3896.4349424680404,2265.0861162635438
3490.1621705679318,2382.9804683212587
4604.61976169405,1508.3932873813098
4015.0761464592056,2066.5125384524677
1019.4946394112131,775.4901669312345
